Data from 3 Executions:

(N, Stencil)	(512^2,5) (512^2,9) (2048^2,5) (2048^2,9)

Execution1 :    0.181051  0.205612  2.241994   3.145912

Execution2 :	0.172100  0.204359  1.545128   2.116054

Execution3 :	0.161683  0.207448  2.156342   2.408558
